** sum   === End of Compilation 1 ===
** p1   === End of Compilation 2 ===
1501-510  Compilation successful for file recursive.f.
 myrv =  3.000000000
 myrv =  2.000000000
 myrv =  1.000000000
 myrv =  0.0000000000E+00
 sum =  6.000000000
