 A: 121 2 2
 B: 99 xyz 1025 1029 2054 2 3 2 1 2 3 3
 C: 3013 abcde 10900 10899 10901 10888 11234 4.099999905 5.099999905 6.099999905 -12.30000019 9.899999619 2 5 6 2 1 2 4 5 5 5
 D: 1234567890987654 8 8
 E: 127 fghij -120 119 -118 117 -116 1 5 1 1 1 5 5
 F: 12345678 klmno 1234120 1234119 1234118 1234117 1234116 4100.00000000000000 5100.10000000000036 1.00009999999999999 2.00000000000000000 0.199000000000000000E+21 4 5 12 4 1 4 8 5 5 5
 G: -126 1 1
 H: 2234567890987654 pqr 2231237890987654 2234564560987654 2234567897897654 8 3 8 1 8 3 3
 I: 3234567890987654 stuvw 1131137890987654 1134564560987654 1134567897897654 1134567890980114 1134567890987653 4100.000000 5100.100098 1.000100017 2.000000000 0.1989999938E+21 8 5 12 8 1 8 4 5 5 5
 J: 121 2 2
 K: 998 xyz 1025 1029 2054 2 3 2 1 2 3 3
 L: 3013 abcde 10900 10899 10901 10888 11234 4.099999905 5.099999905 6.099999905 -12.30000019 9.899999619 2 5 6 2 1 2 4 5 5 5
 M: 1234567890987654 8 8
 N: 127 fghij -120 119 -118 117 -116 1 5 1 1 1 5 5
 O: 12345678 klmno 1234120 1234119 1234118 1234117 1234116 4100.00000000000000 5100.10000000000036 1.00009999999999999 2.00000000000000000 0.199000000000000000E+21 4 5 12 4 1 4 8 5 5 5
 P: -126 1 1
 Q: 2234567890987654 pqr 2231237890987654 2234564560987654 2234567897897654 8 3 8 1 8 3 3
 R: 3234567890987654 stuvw 1131137890987654 1134564560987654 1134567897897654 1134567890980114 1134567890987653 4100.000000 5100.100098 1.000100017 2.000000000 0.1989999938E+21 8 5 12 8 1 8 4 5 5 5
 S: 121
 T: 999 xyz 1025 1029 2054
 U: 3013 abcde 10900 10899 10901 10888 11234 4.099999905 5.099999905 6.099999905 -12.30000019 9.899999619
 V: 1234567890987654
 W: 127 fghij -120 119 -118 117 -116
 X: 12345678 klmno 1234120 1234119 1234118 1234117 1234116 4100.00000000000000 5100.10000000000036 1.00009999999999999 2.00000000000000000 0.199000000000000000E+21
 Y: -126
 Z: 2234567890987654 pqr 2231237890987654 2234564560987654 2234567897897654
 2: 3234567890987654 stuvw 1131137890987654 1134564560987654 1134567897897654 1134567890980114 1134567890987653 4100.000000 5100.100098 1.000100017 2.000000000 0.1989999938E+21
