 42 45 142 56 1234 11142 11242 15242 thi
 19 17 119 29 1293 11119 11942 15242 ano
 Simple assignments
 19 17 119 29 1293 11119 11942 15242 ano
 19 17 119 29 1293 11119 11942 15242 ano
 89 174571 189 293487 1293656 11889876 119823 15282345 don
 89 174571 189 293487 1293656 11889876 119823 15282345 don
 Cross-kind assignments
 89 174571 189 293487 1293656 11889876 119823 15282345 don
 89 174571 189 293487 1293656 11889876 119823 15282345 don
 19 17 119 29 1293 11119 11942 15242 ano
 19 17 119 29 1293 11119 11942 15242 ano
 Child type assignments
 119 29 11119 11942 15242 11889876 119823 15282345 don 11119 11942
 19 17 119 29 1293 11119 11942 15242 ano
 Error assignments
 Can't assign object of parent type to object of child type (Derived2(4)) 11119
 Can't assign object of parent type to object of child type (Derived3(4,*)) 0
 Can't assign object of parent type to object of child type (Derived3(4,*)) 11889876
 119 29 11889876 119823 15282345 don
 19 17 119 29 1293 89 174571
 end
