 B1 =  90 
B3 =  90
 W =  -1 -2 
X =  -1 -2
 Y =  1 2 
Z =  1 2
 A = (3.0000000000000000000000000000000000,4.0000000000000000000000000000000000) (3.0000000000000000000000000000000000,4.0000000000000000000000000000000000) (3.0000000000000000000000000000000000,4.0000000000000000000000000000000000) (3.0000000000000000000000000000000000,4.0000000000000000000000000000000000) (3.0000000000000000000000000000000000,4.0000000000000000000000000000000000) (3.0000000000000000000000000000000000,4.0000000000000000000000000000000000) (3.0000000000000000000000000000000000,4.0000000000000000000000000000000000) (3.0000000000000000000000000000000000,4.0000000000000000000000000000000000) 
B = (3.0000000000000000000000000000000000,4.0000000000000000000000000000000000)
 C = (0.000000000000000000E+00,0.000000000000000000E+00) (0.000000000000000000E+00,0.000000000000000000E+00) (0.000000000000000000E+00,0.000000000000000000E+00) (0.000000000000000000E+00,0.000000000000000000E+00) (0.000000000000000000E+00,0.000000000000000000E+00) (0.000000000000000000E+00,0.000000000000000000E+00) (0.000000000000000000E+00,0.000000000000000000E+00) (0.000000000000000000E+00,0.000000000000000000E+00) (0.000000000000000000E+00,0.000000000000000000E+00) 
D = (0.000000000000000000E+00,0.000000000000000000E+00)
 P4 = 0
P7 = 0
 P3 = -22
 P1 = -22
P2 = -22
 P7 = 0
 P7 = -22
 P5 = 0
P6 = 0
 B2 = 90
B4 = 90
 B2 = 0
B4 = 0
 I = 59
J = 59
 J = 7
