 X= (3838838.000,2349.000000)
 Y= (3838838.000,2349.000000)
 ADD= (7677676.000,4698.000000)
 SUB= (0.0000000000E+00,0.0000000000E+00)
 MUL= (0.1473667138E+14,0.1803486003E+11)
 DIV= (1.000000119,0.1206527499E-10)
