 X= (3838838.0000000000000000000000000000,2349.0000000000000000000000000000000)
 Y= (3838838.0000000000000000000000000000,2349.0000000000000000000000000000000)
 ADD= (7677676.0000000000000000000000000000,4698.0000000000000000000000000000000)
 SUB= (0.00000000000000000000000000000000000E+00,0.00000000000000000000000000000000000E+00)
 MUL= (14736671672443.000000000000000000000,18034860924.000000000000000000000000)
 DIV= (1.0000000000000000000000000000000025,0.00000000000000000000000000000000000E+00)
