 X= (3838838.00000000000,2349.00000000000000)
 Y= (3838838.00000000000,2349.00000000000000)
 ADD= (7677676.00000000000,4698.00000000000000)
 SUB= (0.000000000000000000E+00,0.000000000000000000E+00)
 MUL= (14736671672443.0000,18034860924.0000000)
 DIV= (1.00000000000000000,0.220295146055852485E-23)
