 ubound(base1%basearray)= 4
 lbound(base1%basearray)= 1  base1= 3.000000000 6.000000000 3.000000000 3.000000000 123.0000000 678.0000000
 ubound(base2%basearray)= 10
 ubound(base2%basearray2)= 8
 lbound(base2%basearray)= 1  base2= 5.00000000000000000 9.00000000000000000 5.00000000000000000 5.00000000000000000 5.00000000000000000 5.00000000000000000 5.00000000000000000 5.00000000000000000 5.00000000000000000 5.00000000000000000 345678.000000000000 987654.000000000000 345678.000000000000 345678.000000000000 345678.000000000000 345678.000000000000 345678.000000000000 345678.000000000000
