&namelist_real
num1=6.452768, num2=6.452762,num3=-6.452768, num4=-6.452762,
num5=6.45279031275468,num6=6.45279031275462,num7=-6.45279031275468,num8=-6.45279031275462,
num9=6.4527903127549254938759383268,num10=6.4527903127549254938759383262,num11=-6.4527903127549254938759383268,num12=-6.4527903127549254938759383262
/