 r = -0.0000000000E+00
 r4= -0.0000000000E+00
 r8= -0.000000000000000000E+00
 r16= 0.00000000000000000000000000000000000E+00
 r = -0.0000000000E+00
 r4= -0.0000000000E+00
 r8= -0.000000000000000000E+00
 r16= +0.00000000000000000000000000000000000E+00
 r = -0.0000000000E+00
 r4= -0.0000000000E+00
 r8= -0.000000000000000000E+00
 r16= 0.00000000000000000000000000000000000E+00
