 q = (1.000000000,1.000000000)
 q4= (1.000000000,1.000000000)
 q8= (1.00000000000000000,1.00000000000000000)
 q16= (1.0000000000000000000000000000000000,1.0000000000000000000000000000000000)
 q = (+1.000000000,+1.000000000)
 q4= (+1.000000000,+1.000000000)
 q8= (+1.00000000000000000,+1.00000000000000000)
 q16= (+1.0000000000000000000000000000000000,+1.0000000000000000000000000000000000)
 q = (1.000000000,1.000000000)
 q4= (1.000000000,1.000000000)
 q8= (1.00000000000000000,1.00000000000000000)
 q16= (1.0000000000000000000000000000000000,1.0000000000000000000000000000000000)
