 r = 1.000000000
 r4= 1.000000000
 r8= 1.00000000000000000
 r16= 1.0000000000000000000000000000000000
 r = +1.000000000
 r4= +1.000000000
 r8= +1.00000000000000000
 r16= +1.0000000000000000000000000000000000
 r = 1.000000000
 r4= 1.000000000
 r8= 1.00000000000000000
 r16= 1.0000000000000000000000000000000000
