 q = (-0.0000000000E+00,0.0000000000E+00)
 q4= (0.0000000000E+00,-0.0000000000E+00)
 q8= (-0.000000000000000000E+00,0.000000000000000000E+00)
 q16= (0.00000000000000000000000000000000000E+00,0.00000000000000000000000000000000000E+00)
 q = (-0.0000000000E+00,+0.0000000000E+00)
 q4= (+0.0000000000E+00,-0.0000000000E+00)
 q8= (-0.000000000000000000E+00,+0.000000000000000000E+00)
 q16= (+0.00000000000000000000000000000000000E+00,+0.00000000000000000000000000000000000E+00)
 q = (-0.0000000000E+00,0.0000000000E+00)
 q4= (0.0000000000E+00,-0.0000000000E+00)
 q8= (-0.000000000000000000E+00,0.000000000000000000E+00)
 q16= (0.00000000000000000000000000000000000E+00,0.00000000000000000000000000000000000E+00)
