 1 5 9 13 17 21
 2 6 10 14 18 22
 3 7 11 15 19 23
 4 8 12 16 20 24
 1 2 3 4
 5 6 7 8
 9 10 11 12
 13 14 15 16
 17 18 19 20
 21 22 23 24
