 s1 = 3.00000000000000000
 s1 = 3.00000000000000000
 s1 = 3.00000000000000000
 s1 = 3.00000000000000000
 s2 = 3.00000000000000000
 s2 = 3.00000000000000000
 s2 = 3.00000000000000000
 s2 = 3.00000000000000000
 s3 = 7.00000000000000000
 s3 = 7.00000000000000000
 s3 = 7.00000000000000000
 s3 = 7.00000000000000000
 s4 = 5.00000000000000000
 s4 = 5.00000000000000000
 s4 = 5.00000000000000000
 s4 = 5.00000000000000000
