 src: 3.000000000 -2.000000000 2.000000000 4.000000000 1.000000000 1.000000000
 tgt: 3.000000000 -2.000000000 2.000000000 4.000000000 1.000000000 1.000000000
the received value is 1
