 cpd1: (3.123456717,2.123456717)
 cpd2: (5.500000000,3.500000000) (5.500000000,3.500000000) (5.500000000,3.500000000) (5.500000000,3.500000000) (0.0000000000E+00,0.0000000000E+00) (0.0000000000E+00,0.0000000000E+00) (0.0000000000E+00,0.0000000000E+00) (0.0000000000E+00,0.0000000000E+00)
 cpd2: (0.0000000000E+00,0.0000000000E+00) (0.0000000000E+00,0.0000000000E+00) (5.500000000,3.500000000) (5.500000000,3.500000000) (5.500000000,3.500000000) (5.500000000,3.500000000) (5.500000000,3.500000000) (5.500000000,3.500000000)
 c_a: (101.5000000,100.5000000) (101.5000000,100.5000000) (101.5000000,100.5000000) (101.5000000,100.5000000) (201.5000000,200.5000000) (201.5000000,200.5000000) (201.5000000,200.5000000) (201.5000000,200.5000000)
