 D1: 1.100000024 2.200000048 3.299999952 4.400000095 5.500000000 6.599999905 7.699999809 2.200000048 3.299999952
 D2: 1.100000024 2.200000048 3.299999952 4.400000095 5.500000000 6.599999905 7.699999809 2.200000048 3.299999952
 D3: 2 4 2 7.699999809 6.599999905 7.699999809
 D4: 6 4.400000095 5.500000000 6.599999905 7.699999809 2.200000048 3.299999952
 D5: 1.100000024 2.200000048 3.299999952 3.299999952 2.200000048 3.299999952 4.400000095 5.500000000 6.599999905 7.699999809 7.699999809
 D6: 2.200000048
 D7: 2.143547058 4.594793797 9.849155426 9.849155426 4.594793797 9.849155426 21.11212730 45.25483322 97.00585175 207.9365845 207.9365845
 D8: 21.11212730 45.25483322 97.00585175 207.9365845
 A1: 1.100000024 2.200000048 3.299999952 3.299999952 4.400000095 5.500000000 6.599999905 7.699999809 7.699999809 4.400000095 5.500000000 6.599999905 7.699999809 5.500000000
 A2: 1.100000024 2.200000048 3.299999952 3.299999952 4.400000095 5.500000000 6.599999905 7.699999809 7.699999809 4.400000095 5.500000000 6.599999905 7.699999809 5.500000000
 A3: 7.699999809
 A4: 14 1.100000024 2.200000048 3.299999952 3.299999952 4.400000095 5.500000000 6.599999905 7.699999809 7.699999809 4.400000095 5.500000000 6.599999905 7.699999809 5.500000000
 A5: 4.400000095
 A6: 2.143547058 4.594793797 9.849155426 9.849155426 21.11212730 45.25483322 97.00585175 207.9365845 207.9365845 21.11212730 45.25483322 97.00585175 207.9365845 45.25483322
