 D1: (0.0000000000E+00,1.000000000) (1.000000000,2.000000000) (3.000000000,4.000000000) (4.000000000,5.000000000) (5.000000000,6.000000000) (6.000000000,7.000000000) (7.000000000,8.000000000) (1.000000000,2.000000000) (3.000000000,4.000000000)
 D2: (0.0000000000E+00,1.000000000) (1.000000000,2.000000000) (3.000000000,4.000000000) (4.000000000,5.000000000) (5.000000000,6.000000000) (6.000000000,7.000000000) (7.000000000,8.000000000) (1.000000000,2.000000000) (3.000000000,4.000000000)
 D3: 2 4 2 7.000000000 7.000000000 8.000000000
 D4: 6 (4.000000000,5.000000000) (5.000000000,6.000000000) (6.000000000,7.000000000) (7.000000000,8.000000000) (1.000000000,2.000000000) (3.000000000,4.000000000)
 D5: (0.0000000000E+00,1.000000000) (1.000000000,2.000000000) (3.000000000,4.000000000) (3.000000000,4.000000000) (1.000000000,2.000000000) (3.000000000,4.000000000) (4.000000000,5.000000000) (5.000000000,6.000000000) (6.000000000,7.000000000) (7.000000000,8.000000000) (7.000000000,8.000000000)
 D6: (1.000000000,2.000000000)
 D7: (0.0000000000E+00,10.00000000) (10.00000000,20.00000000) (30.00000000,40.00000000) (30.00000000,40.00000000) (10.00000000,20.00000000) (30.00000000,40.00000000) (40.00000000,50.00000000) (50.00000000,60.00000000) (60.00000000,70.00000000) (70.00000000,80.00000000) (70.00000000,80.00000000)
 D8: (40.00000000,50.00000000) (50.00000000,60.00000000) (60.00000000,70.00000000) (70.00000000,80.00000000)
 A1: (0.0000000000E+00,1.000000000) (1.000000000,2.000000000) (3.000000000,4.000000000) (3.000000000,4.000000000) (4.000000000,5.000000000) (5.000000000,6.000000000) (6.000000000,7.000000000) (7.000000000,8.000000000) (7.000000000,8.000000000) (4.000000000,5.000000000) (5.000000000,6.000000000) (6.000000000,7.000000000) (7.000000000,8.000000000) (5.000000000,6.000000000)
 A2: (0.0000000000E+00,1.000000000) (1.000000000,2.000000000) (3.000000000,4.000000000) (3.000000000,4.000000000) (4.000000000,5.000000000) (5.000000000,6.000000000) (6.000000000,7.000000000) (7.000000000,8.000000000) (7.000000000,8.000000000) (4.000000000,5.000000000) (5.000000000,6.000000000) (6.000000000,7.000000000) (7.000000000,8.000000000) (5.000000000,6.000000000)
 A3: 0.0000000000E+00 1.000000000 3.000000000 3.000000000 4.000000000 5.000000000 6.000000000 7.000000000 7.000000000 4.000000000 5.000000000 6.000000000 7.000000000 5.000000000
 A4: 14 (0.0000000000E+00,1.000000000) (1.000000000,2.000000000) (3.000000000,4.000000000) (3.000000000,4.000000000) (4.000000000,5.000000000) (5.000000000,6.000000000) (6.000000000,7.000000000) (7.000000000,8.000000000) (7.000000000,8.000000000) (4.000000000,5.000000000) (5.000000000,6.000000000) (6.000000000,7.000000000) (7.000000000,8.000000000) (5.000000000,6.000000000)
 A5: (4.000000000,5.000000000)
 A6: (0.0000000000E+00,10.00000000) (10.00000000,20.00000000) (30.00000000,40.00000000) (30.00000000,40.00000000) (40.00000000,50.00000000) (50.00000000,60.00000000) (60.00000000,70.00000000) (70.00000000,80.00000000) (70.00000000,80.00000000) (40.00000000,50.00000000) (50.00000000,60.00000000) (60.00000000,70.00000000) (70.00000000,80.00000000) (50.00000000,60.00000000)
